3000
6.99274528961979
7.51997125761076
6.94894914504279
7.17838532021401
5.85832333995465
7.45761072519608
7.19461727921761
6.20441335475778
6.97574357908978
6.76165315768108
7.37253823485462
6.77861879209796
7.60098694035943
6.40856140664294
6.05572703883988
6.787884141718
7.11788872852426
6.85264035659275
6.28635241024891
6.38795170706069
7.07782060322164
6.49400510021015
6.40633588883956
6.34412537116366
5.89000798557049
6.72265684735543
6.68768269228012
5.460996457198
7.22152191768995
6.1982246427782
6.44466646548801
6.77705892661075
5.62913371782191
6.41424345469465
7.23625173628004
5.88740241921186
6.52329738356537
6.39020423452033
5.77857060854006
5.28023873131193
6.11180817494484
6.97726752911857
6.10959469081364
6.43239045227354
6.57234575600081
5.78489674550525
6.67056973613685
6.48973960145691
6.59352737082317
5.72234946324614
6.29929811979783
6.56460124090718
6.25285136820593
6.10204699218171
6.13585630810692
6.33424863718182
6.47434370723663
6.17499177685395
5.80203392418251
6.23949019542037
5.90166534307555
6.06947493746332
6.37639913004121
5.88544644843029
6.92223066014309
5.96076122035593
5.67758452143837
6.32901607368498
5.91218418472894
6.09232651420631
5.89413280676598
5.53950209262206
6.04913096344585
5.4831232845042
5.97309434294074
5.79302825015768
5.53050182501773
5.85405510959331
5.98755951840733
5.23326339531087
6.38117795411994
5.36047545705271
5.63441289336152
5.46589702682455
5.16444509145189
5.92860015900544
5.81843570251221
6.28805566236551
5.85863330179241
5.61521937417328
5.94248474527574
5.49113851611519
5.56465745893048
5.85757250081803
5.46526390007095
6.09800570269281
5.91220763103987
6.17674653443811
6.70195787825966
5.79756684059658
5.83810597441423
5.28271078738879
5.86532224953627
5.7237857158372
5.76025773002861
5.43648455178737
6.02365638741901
5.21154824085473
6.00479026181878
5.11737172334158
5.70398820886681
6.05791092051254
5.71351472129007
5.58308054302336
5.32526111626637
5.54989349393257
6.18242307294451
6.16787055492999
6.7737790116865
5.21985890035927
5.59076443489209
5.67357329465703
5.49737037798698
5.11566045183783
6.31269459155023
5.78705490129187
5.16828864252022
5.16702714372723
5.73517460339653
5.83862940347096
5.43585492651688
5.56963242062565
4.85841520050174
6.57678906800723
5.79344014622589
5.98565941671883
5.86401861464654
5.03974832008919
5.94301499715342
5.92907733691145
5.45080314038429
5.78834151472437
5.70354244607316
6.43826074448451
6.33532076594843
5.21182309091
5.471728363226
5.18998590108938
5.63216504259866
5.09399206877261
5.59744280887396
5.90665984559891
5.24818157260956
5.82581997874407
5.13760552125355
5.21056472886707
4.92239940571028
4.85729787188051
5.24001923483511
5.751939317348
5.67148341375978
5.62353624479857
4.38818987535122
5.92755799290912
5.54823963260834
4.95982675147712
5.58826552765478
5.30241099678963
5.46383933665825
5.20046524589305
4.36395415159872
5.43131965366788
5.4069549702135
4.85443707427681
5.13138039498595
4.1080479971584
4.48033284082598
5.28387067004982
5.13379544933562
4.43593118526889
5.09184904197785
5.72107150586721
4.5831294550717
4.6410068544298
5.1029670162557
5.33532336715675
5.09185053422027
4.137328695979
4.81613447962801
4.4802267746254
5.04587936787519
5.132130070714
5.95957660276021
4.46183542339155
4.58988203570995
6.10151205609827
6.02318791166588
4.73241276677497
4.74950285664798
5.35463312803084
5.30683949487065
5.9515056156935
5.0867534287848
5.36909725990264
5.17025319633658
5.98072881772465
6.84935499872372
6.73293774052857
6.03661673636121
7.19923967119661
7.11144527017621
6.95477212239934
8.11495720460752
8.69046354851459
8.55534186216983
9.37859706104372
9.16347489818228
9.98400732889639
10.4549849531474
11.7516264483538
12.3227733485522
12.0964222451545
13.2182477260959
12.9020312846734
13.3448139529763
15.2587859117497
15.2802514896918
14.9571936241279
14.5690510035902
15.4310649962345
14.6672118029237
15.4517521568028
14.1059570184287
14.0678792985703
13.8366861632256
14.0520638406307
13.5638120214478
13.018680228157
13.3540321803304
12.6677698880717
12.3715733456159
12.1529889713857
12.1511305738512
11.0159309001116
10.071600709063
10.8117643314425
11.009133571836
10.2341211707006
10.7457604831101
10.9561874434989
9.69964075938311
10.3222474238395
9.39886116374881
9.45705686519345
9.50625803943369
9.88998446517305
9.92675370955431
8.9663653306775
9.97346427839692
9.46947873016091
8.76280701233905
9.74819072160644
8.73118602953449
9.41818231580476
7.75294452164772
7.80249526860967
8.7275793511533
8.65139295173314
8.10326881294406
7.35490921978726
7.74605324170999
7.84368126307774
7.61005748873403
7.66643676065209
8.18003709312304
7.4728252564819
8.04076646432518
8.13799538479971
7.00456604005793
6.6526588094803
7.49756092707098
6.75425497230512
7.10495350618022
7.5260335224236
7.43463357897315
7.5070008837069
7.2230753087722
7.48931039332116
8.10769650632231
7.76118112724679
6.57408719097395
7.15878638760176
7.20544840472844
6.62708203904984
6.85571658300151
7.62974540335944
6.62000423965777
6.29097390802267
7.21722543784563
6.50960266292024
